11101000
00000000
00000000
00000010
11111100
00000000
00000000
00000000
00001000
00001000
00000000
00000011
00000100
00001000
01010000
00000000
10011000
00001000
01011000
00000000
10011101
01101100
00000000
00000010
01100000
00001100
01100000
01000000
00000001
00001011
01001000
00000000
01000101
00101010
01000000
00000000
11010001
00001010
00000000
00000011
10011001
10001011
01000000
00000000
10011101
00101010
00000000
00000001
11100000
00000000
00000000
00001001
11000001
00101100
00000000
00000100
11000101
00101000
00000000
00000100
01000001
00001001
01000000
00000000
01001001
00001000
00000000
00000001
11100111
11100000
00000000
00000000
